2230222302 2230222302 2230222302 2230222302 2230222302 2230222302 2230222302 2230222302 
1123011230 1123011230 1123011230 1123011230 1123011230 1123011230 1123011230 1123011230 
1331213312 1331213312 1331213312 1331213312 1331213312 1331213312 1331213312 1331213312 
3322233222 3322233222 3322233222 3322233222 3322233222 3322233222 3322233222 3322233222 
0001320010 0001320010 0001320010 0001320010 0001320010 0001320010 0001320010 0001320010 
2230222302 2230222302 2230222302 2230222302 2230222302 2230222302 2230222302 2230222302 
1123011230 1123011230 1123011230 1123011230 1123011230 1123011230 1123011230 1123011230 
1331213312 1331213312 1331213312 1331213312 1331213312 1331213312 1331213312 1331213312 
3322233222 3322233222 3322233222 3322233222 3322233222 3322233222 3322233222 3322233222 
2001000013 2001000013 2001000013 2001000013 2001000013 2001000013 2001000013 2001000010
2230222302 2230222302 2230222302 2230222302 2230222302 2230222302 2230222302 2230222302
1123011230 1123011230 1123011230 1123011230 1123011230 1123011230 1123011230 1123011230 
1331213312 1331213312 1331213312 1331213312 1331213312 1331213312 1331213312 1331213312 
3322233222 3322233222 3322233222 3322233222 3322233222 3322233222 3322233222 3322233222 
0001320010 0001320010 0001320010 0001320010 0001320010 0001320010 0001320010 0001320010 
2230222302 2230222302 2230222302 2230222302 2230222302 2230222302 2230222302 2230222302 
1123011230 1123011230 1123011230 1123011230 1123011230 1123011230 1123011230 1123011230 
1331213312 1331213312 1331213312 1331213312 1331213312 1331213312 1331213312 1331213312 
3322233222 3322233222 3322233222 3322233222 3322233222 3322233222 3322233222 3322233222 
2001000013 2001000013 2001000013 2001000013 2001000013 2001000013 2001000013 2001000010
2230222302 2230222302 2230222302 2230222302 2230222302 2230222302 2230222302 2230222302
1123011230 1123011230 1123011230 1123011230 1123011230 1123011230 1123011230 1123011230 
1331213312 1331213312 1331213312 1331213312 1331213312 1331213312 1331213312 1331213312 
3322233222 3322233222 3322233222 3322233222 3322233222 3322233222 3322233222 3322233222 
0001320010 0001320010 0001320010 0001320010 0001320010 0001320010 0001320010 0001320010 
2230222302 2230222302 2230222302 2230222302 2230222302 2230222302 2230222302 2230222302 
1123011230 1123011230 1123011230 1123011230 1123011230 1123011230 1123011230 1123011230 
1331213312 1331213312 1331213312 1331213312 1331213312 1331213312 1331213312 1331213312 
3322233222 3322233222 3322233222 3322233222 3322233222 3322233222 3322233222 3322233222 
2001000013 2001000013 2001000013 2001000013 2001000013 2001000013 2001000013 2001000010
2230222302 2230222302 2230222302 2230222302 2230222302 2230222302 2230222302 2230222302
1123011230 1123011230 1123011230 1123011230 1123011230 1123011230 1123011230 1123011230 
1331213312 1331213312 1331213312 1331213312 1331213312 1331213312 1331213312 1331213312 
3322233222 3322233222 3322233222 3322233222 3322233222 3322233222 3322233222 3322233222 
0001320010 0001320010 0001320010 0001320010 0001320010 0001320010 0001320010 0001320010 
2230222302 2230222302 2230222302 2230222302 2230222302 2230222302 2230222302 2230222302 
1123011230 1123011230 1123011230 1123011230 1123011230 1123011230 1123011230 1123011230 
1331213312 1331213312 1331213312 1331213312 1331213312 1331213312 1331213312 1331213312 
3322233222 3322233222 3322233222 3322233222 3322233222 3322233222 3322233222 3322233222 
2001000013 2001000013 2001000013 2001000013 2001000013 2001000013 2001000013 2001000010
2230222302 2230222302 2230222302 2230222302 2230222302 2230222302 2230222302 2230222302
1123011230 1123011230 1123011230 1123011230 1123011230 1123011230 1123011230 1123011230 
1331213312 1331213312 1331213312 1331213312 1331213312 1331213312 1331213312 1331213312 
3322233222 3322233222 3322233222 3322233222 3322233222 3322233222 3322233222 3322233222 
0001320010 0001320010 0001320010 0001320010 0001320010 0001320010 0001320010 0001320010 
2230222302 2230222302 2230222302 2230222302 2230222302 2230222302 2230222302 2230222302 
1123011230 1123011230 1123011230 1123011230 1123011230 1123011230 1123011230 1123011230 
1331213312 1331213312 1331213312 1331213312 1331213312 1331213312 1331213312 1331213312 
3322233222 3322233222 3322233222 3322233222 3322233222 3322233222 3322233222 3322233222 
2001000013 2001000013 2001000013 2001000013 2001000013 2001000013 2001000013 2001000010
2230222302 2230222302 2230222302 2230222302 2230222302 2230222302 2230222302 2230222302
1123011230 1123011230 1123011230 1123011230 1123011230 1123011230 1123011230 1123011230 
1331213312 1331213312 1331213312 1331213312 1331213312 1331213312 1331213312 1331213312 
3322233222 3322233222 3322233222 3322233222 3322233222 3322233222 3322233222 3322233222 
0001320010 0001320010 0001320010 0001320010 0001320010 0001320010 0001320010 0001320010 
2230222302 2230222302 2230222302 2230222302 2230222302 2230222302 2230222302 2230222302 
1123011230 1123011230 1123011230 1123011230 1123011230 1123011230 1123011230 1123011230 
1331213312 1331213312 1331213312 1331213312 1331213312 1331213312 1331213312 1331213312 
3322233222 3322233222 3322233222 3322233222 3322233222 3322233222 3322233222 3322233222 
2001000013 2001000013 2001000013 2001000013 2001000013 2001000013 2001000013 2001000010
2230222302 2230222302 2230222302 2230222302 2230222302 2230222302 2230222302 2230222302
1123011230 1123011230 1123011230 1123011230 1123011230 1123011230 1123011230 1123011230 
1331213312 1331213312 1331213312 1331213312 1331213312 1331213312 1331213312 1331213312 
3322233222 3322233222 3322233222 3322233222 3322233222 3322233222 3322233222 3322233222 
0001320010 0001320010 0001320010 0001320010 0001320010 0001320010 0001320010 0001320010 
2230222302 2230222302 2230222302 2230222302 2230222302 2230222302 2230222302 2230222302 
1123011230 1123011230 1123011230 1123011230 1123011230 1123011230 1123011230 1123011230 
1331213312 1331213312 1331213312 1331213312 1331213312 1331213312 1331213312 1331213312 
3322233222 3322233222 3322233222 3322233222 3322233222 3322233222 3322233222 3322233222 
2001000013 2001000013 2001000013 2001000013 2001000013 2001000013 2001000013 2001000010
2230222302 2230222302 2230222302 2230222302 2230222302 2230222302 2230222302 2230222302
1123011230 1123011230 1123011230 1123011230 1123011230 1123011230 1123011230 1123011230 
1331213312 1331213312 1331213312 1331213312 1331213312 1331213312 1331213312 1331213312 
3322233222 3322233222 3322233222 3322233222 3322233222 3322233222 3322233222 3322233222 
0001320010 0001320010 0001320010 0001320010 0001320010 0001320010 0001320010 0001320010 
2230222302 2230222302 2230222302 2230222302 2230222302 2230222302 2230222302 2230222302 
1123011230 1123011230 1123011230 1123011230 1123011230 1123011230 1123011230 1123011230 
1331213312 1331213312 1331213312 1331213312 1331213312 1331213312 1331213312 1331213312 
3322233222 3322233222 3322233222 3322233222 3322233222 3322233222 3322233222 3322233222 
0001000011 0001000011 0001000011 0001000011 0001000011 0001000011 0001000011 0001000010