00000000000000000000000000000000000000000000000000000000000000000000000000000000
01100011000110001100011000110001100011000110001100011000110001100011000110001100
01110011100111001110011100111001110011100111001110011100111001110011100111001110
01100011000110001100011000110001100011000110001100011000110001100011000110001100
00001100000000110000000011000000001100000000110000000011000000001100000000110000
00000000000000000000000000000000000000000000000000000000000000000000000000000000
01100011000110001100011000110001100011000110001100011000110001100011000110001100
01110011100111001110011100111001110011100111001110011100111001110011100111001110
01100011000110001100011000110001100011000110001100011000110001100011000110001100
00000000011000000001100000000110000000011000000001100000000110000000011000000000
00000000000000000000000000000000000000000000000000000000000000000000000000000000
01100011000110001100011000110001100011000110001100011000110001100011000110001100
01110011100111001110011100111001110011100111001110011100111001110011100111001110
01100011000110001100011000110001100011000110001100011000110001100011000110001100
00001100000000110000000011000000001100000000110000000011000000001100000000110000
00000000000000000000000000000000000000000000000000000000000000000000000000000000
01100011000110001100011000110001100011000110001100011000110001100011000110001100
01110011100111001110011100111001110011100111001110011100111001110011100111001110
01100011000110001100011000110001100011000110001100011000110001100011000110001100
00000000011000000001100000000110000000011000000001100000000110000000011000000000
00000000000000000000000000000000000000000000000000000000000000000000000000000000
01100011000110001100011000110001100011000110001100011000110001100011000110001100
01110011100111001110011100111001110011100111001110011100111001110011100111001110
01100011000110001100011000110001100011000110001100011000110001100011000110001100
00001100000000110000000011000000001100000000110000000011000000001100000000110000
00000000000000000000000000000000000000000000000000000000000000000000000000000000
01100011000110001100011000110001100011000110001100011000110001100011000110001100
01110011100111001110011100111001110011100111001110011100111001110011100111001110
01100011000110001100011000110001100011000110001100011000110001100011000110001100
00000000011000000001100000000110000000011000000001100000000110000000011000000000
00000000000000000000000000000000000000000000000000000000000000000000000000000000
01100011000110001100011000110001100011000110001100011000110001100011000110001100
01110011100111001110011100111001110011100111001110011100111001110011100111001110
01100011000110001100011000110001100011000110001100011000110001100011000110001100
00001100000000110000000011000000001100000000110000000011000000001100000000110000
00000000000000000000000000000000000000000000000000000000000000000000000000000000
01100011000110001100011000110001100011000110001100011000110001100011000110001100
01110011100111001110011100111001110011100111001110011100111001110011100111001110
01100011000110001100011000110001100011000110001100011000110001100011000110001100
00000000011000000001100000000110000000011000000001100000000110000000011000000000
00000000000000000000000000000000000000000000000000000000000000000000000000000000
01100011000110001100011000110001100011000110001100011000110001100011000110001100
01110011100111001110011100111001110011100111001110011100111001110011100111001110
01100011000110001100011000110001100011000110001100011000110001100011000110001100
00001100000000110000000011000000001100000000110000000011000000001100000000110000
00000000000000000000000000000000000000000000000000000000000000000000000000000000
01100011000110001100011000110001100011000110001100011000110001100011000110001100
01110011100111001110011100111001110011100111001110011100111001110011100111001110
01100011000110001100011000110001100011000110001100011000110001100011000110001100
00000000011000000001100000000110000000011000000001100000000110000000011000000000
00000000000000000000000000000000000000000000000000000000000000000000000000000000
01100011000110001100011000110001100011000110001100011000110001100011000110001100
01110011100111001110011100111001110011100111001110011100111001110011100111001110
01100011000110001100011000110001100011000110001100011000110001100011000110001100
00001100000000110000000011000000001100000000110000000011000000001100000000110000
00000000000000000000000000000000000000000000000000000000000000000000000000000000
01100011000110001100011000110001100011000110001100011000110001100011000110001100
01110011100111001110011100111001110011100111001110011100111001110011100111001110
01100011000110001100011000110001100011000110001100011000110001100011000110001100
00000000011000000001100000000110000000011000000001100000000110000000011000000000
00000000000000000000000000000000000000000000000000000000000000000000000000000000
01100011000110001100011000110001100011000110001100011000110001100011000110001100
01110011100111001110011100111001110011100111001110011100111001110011100111001110
01100011000110001100011000110001100011000110001100011000110001100011000110001100
00001100000000110000000011000000001100000000110000000011000000001100000000110000
00000000000000000000000000000000000000000000000000000000000000000000000000000000
01100011000110001100011000110001100011000110001100011000110001100011000110001100
01110011100111001110011100111001110011100111001110011100111001110011100111001110
01100011000110001100011000110001100011000110001100011000110001100011000110001100
00000000011000000001100000000110000000011000000001100000000110000000011000000000
00000000000000000000000000000000000000000000000000000000000000000000000000000000
01100011000110001100011000110001100011000110001100011000110001100011000110001100
01110011100111001110011100111001110011100111001110011100111001110011100111001110
01100011000110001100011000110001100011000110001100011000110001100011000110001100
00001100000000110000000011000000001100000000110000000011000000001100000000110000
00000000000000000000000000000000000000000000000000000000000000000000000000000000
01100011000110001100011000110001100011000110001100011000110001100011000110001100
01110011100111001110011100111001110011100111001110011100111001110011100111001110
01100011000110001100011000110001100011000110001100011000110001100011000110001100
00000000010000000001000000000100000000010000000001000000000100000000010000000000
