[CR,(3,3),(50,50)]
[CR,(3,7),(50,50)]
[CR,(3,11),(50,50)]
[CR,(3,15),(50,50)]
[CR,(3,19),(50,50)]
[CR,(3,23),(50,50)]
[CR,(3,27),(50,50)]
[CR,(3,31),(50,50)]
[CR,(3,35),(50,50)]
[CR,(3,39),(50,50)]
[CR,(3,43),(50,50)]
[CR,(3,47),(50,50)]
[CR,(3,51),(50,50)]
[CR,(3,55),(50,50)]
[CR,(3,59),(50,50)]
[CR,(3,63),(50,50)]
[CR,(3,67),(50,50)]
[CR,(3,71),(50,50)]
[CR,(3,75),(50,50)]
[CR,(3,79),(50,50)]
[CR,(7,3),(50,50)]
[CR,(7,7),(50,50)]
[CR,(7,11),(50,50)]
[CR,(7,15),(50,50)]
[CR,(7,19),(50,50)]
[CR,(7,23),(50,50)]
[CR,(7,27),(50,50)]
[CR,(7,31),(50,50)]
[CR,(7,35),(50,50)]
[CR,(7,39),(50,50)]
[CR,(7,43),(50,50)]
[CR,(7,47),(50,50)]
[CR,(7,51),(50,50)]
[CR,(7,55),(50,50)]
[CR,(7,59),(50,50)]
[CR,(7,63),(50,50)]
[CR,(7,67),(50,50)]
[CR,(7,71),(50,50)]
[CR,(7,75),(50,50)]
[CR,(7,79),(50,50)]
[CR,(11,3),(50,50)]
[CR,(11,7),(50,50)]
[CR,(11,11),(50,50)]
[CR,(11,15),(50,50)]
[CR,(11,19),(50,50)]
[CR,(11,23),(50,50)]
[CR,(11,27),(50,50)]
[CR,(11,31),(50,50)]
[CR,(11,35),(50,50)]
[CR,(11,39),(50,50)]
[CR,(11,43),(50,50)]
[CR,(11,47),(50,50)]
[CR,(11,51),(50,50)]
[CR,(11,55),(50,50)]
[CR,(11,59),(50,50)]
[CR,(11,63),(50,50)]
[CR,(11,67),(50,50)]
[CR,(11,71),(50,50)]
[CR,(11,75),(50,50)]
[CR,(11,79),(50,50)]
[CR,(15,3),(50,50)]
[CR,(15,7),(50,50)]
[CR,(15,11),(50,50)]
[CR,(15,15),(50,50)]
[CR,(15,19),(50,50)]
[CR,(15,23),(50,50)]
[CR,(15,27),(50,50)]
[CR,(15,31),(50,50)]
[CR,(15,35),(50,50)]
[CR,(15,39),(50,50)]
[CR,(15,43),(50,50)]
[CR,(15,47),(50,50)]
[CR,(15,51),(50,50)]
[CR,(15,55),(50,50)]
[CR,(15,59),(50,50)]
[CR,(15,63),(50,50)]
[CR,(15,67),(50,50)]
[CR,(15,71),(50,50)]
[CR,(15,75),(50,50)]
[CR,(15,79),(50,50)]
[CR,(19,3),(50,50)]
[CR,(19,7),(50,50)]
[CR,(19,11),(50,50)]
[CR,(19,15),(50,50)]
[CR,(19,19),(50,50)]
[CR,(19,23),(50,50)]
[CR,(19,27),(50,50)]
[CR,(19,31),(50,50)]
[CR,(19,35),(50,50)]
[CR,(19,39),(50,50)]
[CR,(19,43),(50,50)]
[CR,(19,47),(50,50)]
[CR,(19,51),(50,50)]
[CR,(19,55),(50,50)]
[CR,(19,59),(50,50)]
[CR,(19,63),(50,50)]
[CR,(19,67),(50,50)]
[CR,(19,71),(50,50)]
[CR,(19,75),(50,50)]
[CR,(19,79),(50,50)]
[CR,(23,3),(50,50)]
[CR,(23,7),(50,50)]
[CR,(23,11),(50,50)]
[CR,(23,15),(50,50)]
[CR,(23,19),(50,50)]
[CR,(23,23),(50,50)]
[CR,(23,27),(50,50)]
[CR,(23,31),(50,50)]
[CR,(23,35),(50,50)]
[CR,(23,39),(50,50)]
[CR,(23,43),(50,50)]
[CR,(23,47),(50,50)]
[CR,(23,51),(50,50)]
[CR,(23,55),(50,50)]
[CR,(23,59),(50,50)]
[CR,(23,63),(50,50)]
[CR,(23,67),(50,50)]
[CR,(23,71),(50,50)]
[CR,(23,75),(50,50)]
[CR,(23,79),(50,50)]
[CR,(27,3),(50,50)]
[CR,(27,7),(50,50)]
[CR,(27,11),(50,50)]
[CR,(27,15),(50,50)]
[CR,(27,19),(50,50)]
[CR,(27,23),(50,50)]
[CR,(27,27),(50,50)]
[CR,(27,31),(50,50)]
[CR,(27,35),(50,50)]
[CR,(27,39),(50,50)]
[CR,(27,43),(50,50)]
[CR,(27,47),(50,50)]
[CR,(27,51),(50,50)]
[CR,(27,55),(50,50)]
[CR,(27,59),(50,50)]
[CR,(27,63),(50,50)]
[CR,(27,67),(50,50)]
[CR,(27,71),(50,50)]
[CR,(27,75),(50,50)]
[CR,(27,79),(50,50)]
[CR,(31,3),(50,50)]
[CR,(31,7),(50,50)]
[CR,(31,11),(50,50)]
[CR,(31,15),(50,50)]
[CR,(31,19),(50,50)]
[CR,(31,23),(50,50)]
[CR,(31,27),(50,50)]
[CR,(31,31),(50,50)]
[CR,(31,35),(50,50)]
[CR,(31,39),(50,50)]
[CR,(31,43),(50,50)]
[CR,(31,47),(50,50)]
[CR,(31,51),(50,50)]
[CR,(31,55),(50,50)]
[CR,(31,59),(50,50)]
[CR,(31,63),(50,50)]
[CR,(31,67),(50,50)]
[CR,(31,71),(50,50)]
[CR,(31,75),(50,50)]
[CR,(31,79),(50,50)]
[CR,(35,3),(50,50)]
[CR,(35,7),(50,50)]
[CR,(35,11),(50,50)]
[CR,(35,15),(50,50)]
[CR,(35,19),(50,50)]
[CR,(35,23),(50,50)]
[CR,(35,27),(50,50)]
[CR,(35,31),(50,50)]
[CR,(35,35),(50,50)]
[CR,(35,39),(50,50)]
[CR,(35,43),(50,50)]
[CR,(35,47),(50,50)]
[CR,(35,51),(50,50)]
[CR,(35,55),(50,50)]
[CR,(35,59),(50,50)]
[CR,(35,63),(50,50)]
[CR,(35,67),(50,50)]
[CR,(35,71),(50,50)]
[CR,(35,75),(50,50)]
[CR,(35,79),(50,50)]
[CR,(39,3),(50,50)]
[CR,(39,7),(50,50)]
[CR,(39,11),(50,50)]
[CR,(39,15),(50,50)]
[CR,(39,19),(50,50)]
[CR,(39,23),(50,50)]
[CR,(39,27),(50,50)]
[CR,(39,31),(50,50)]
[CR,(39,35),(50,50)]
[CR,(39,39),(50,50)]
[CR,(39,43),(50,50)]
[CR,(39,47),(50,50)]
[CR,(39,51),(50,50)]
[CR,(39,55),(50,50)]
[CR,(39,59),(50,50)]
[CR,(39,63),(50,50)]
[CR,(39,67),(50,50)]
[CR,(39,71),(50,50)]
[CR,(39,75),(50,50)]
[CR,(39,79),(50,50)]
[CR,(43,3),(50,50)]
[CR,(43,7),(50,50)]
[CR,(43,11),(50,50)]
[CR,(43,15),(50,50)]
[CR,(43,19),(50,50)]
[CR,(43,23),(50,50)]
[CR,(43,27),(50,50)]
[CR,(43,31),(50,50)]
[CR,(43,35),(50,50)]
[CR,(43,39),(50,50)]
[CR,(43,43),(50,50)]
[CR,(43,47),(50,50)]
[CR,(43,51),(50,50)]
[CR,(43,55),(50,50)]
[CR,(43,59),(50,50)]
[CR,(43,63),(50,50)]
[CR,(43,67),(50,50)]
[CR,(43,71),(50,50)]
[CR,(43,75),(50,50)]
[CR,(43,79),(50,50)]
[CR,(47,3),(50,50)]
[CR,(47,7),(50,50)]
[CR,(47,11),(50,50)]
[CR,(47,15),(50,50)]
[CR,(47,19),(50,50)]
[CR,(47,23),(50,50)]
[CR,(47,27),(50,50)]
[CR,(47,31),(50,50)]
[CR,(47,35),(50,50)]
[CR,(47,39),(50,50)]
[CR,(47,43),(50,50)]
[CR,(47,47),(50,50)]
[CR,(47,51),(50,50)]
[CR,(47,55),(50,50)]
[CR,(47,59),(50,50)]
[CR,(47,63),(50,50)]
[CR,(47,67),(50,50)]
[CR,(47,71),(50,50)]
[CR,(47,75),(50,50)]
[CR,(47,79),(50,50)]
[CR,(51,3),(50,50)]
[CR,(51,7),(50,50)]
[CR,(51,11),(50,50)]
[CR,(51,15),(50,50)]
[CR,(51,19),(50,50)]
[CR,(51,23),(50,50)]
[CR,(51,27),(50,50)]
[CR,(51,31),(50,50)]
[CR,(51,35),(50,50)]
[CR,(51,39),(50,50)]
[CR,(51,43),(50,50)]
[CR,(51,47),(50,50)]
[CR,(51,51),(50,50)]
[CR,(51,55),(50,50)]
[CR,(51,59),(50,50)]
[CR,(51,63),(50,50)]
[CR,(51,67),(50,50)]
[CR,(51,71),(50,50)]
[CR,(51,75),(50,50)]
[CR,(51,79),(50,50)]
[CR,(55,3),(50,50)]
[CR,(55,7),(50,50)]
[CR,(55,11),(50,50)]
[CR,(55,15),(50,50)]
[CR,(55,19),(50,50)]
[CR,(55,23),(50,50)]
[CR,(55,27),(50,50)]
[CR,(55,31),(50,50)]
[CR,(55,35),(50,50)]
[CR,(55,39),(50,50)]
[CR,(55,43),(50,50)]
[CR,(55,47),(50,50)]
[CR,(55,51),(50,50)]
[CR,(55,55),(50,50)]
[CR,(55,59),(50,50)]
[CR,(55,63),(50,50)]
[CR,(55,67),(50,50)]
[CR,(55,71),(50,50)]
[CR,(55,75),(50,50)]
[CR,(55,79),(50,50)]
[CR,(59,3),(50,50)]
[CR,(59,7),(50,50)]
[CR,(59,11),(50,50)]
[CR,(59,15),(50,50)]
[CR,(59,19),(50,50)]
[CR,(59,23),(50,50)]
[CR,(59,27),(50,50)]
[CR,(59,31),(50,50)]
[CR,(59,35),(50,50)]
[CR,(59,39),(50,50)]
[CR,(59,43),(50,50)]
[CR,(59,47),(50,50)]
[CR,(59,51),(50,50)]
[CR,(59,55),(50,50)]
[CR,(59,59),(50,50)]
[CR,(59,63),(50,50)]
[CR,(59,67),(50,50)]
[CR,(59,71),(50,50)]
[CR,(59,75),(50,50)]
[CR,(59,79),(50,50)]
[CR,(63,3),(50,50)]
[CR,(63,7),(50,50)]
[CR,(63,11),(50,50)]
[CR,(63,15),(50,50)]
[CR,(63,19),(50,50)]
[CR,(63,23),(50,50)]
[CR,(63,27),(50,50)]
[CR,(63,31),(50,50)]
[CR,(63,35),(50,50)]
[CR,(63,39),(50,50)]
[CR,(63,43),(50,50)]
[CR,(63,47),(50,50)]
[CR,(63,51),(50,50)]
[CR,(63,55),(50,50)]
[CR,(63,59),(50,50)]
[CR,(63,63),(50,50)]
[CR,(63,67),(50,50)]
[CR,(63,71),(50,50)]
[CR,(63,75),(50,50)]
[CR,(63,79),(50,50)]
[CR,(67,3),(50,50)]
[CR,(67,7),(50,50)]
[CR,(67,11),(50,50)]
[CR,(67,15),(50,50)]
[CR,(67,19),(50,50)]
[CR,(67,23),(50,50)]
[CR,(67,27),(50,50)]
[CR,(67,31),(50,50)]
[CR,(67,35),(50,50)]
[CR,(67,39),(50,50)]
[CR,(67,43),(50,50)]
[CR,(67,47),(50,50)]
[CR,(67,51),(50,50)]
[CR,(67,55),(50,50)]
[CR,(67,59),(50,50)]
[CR,(67,63),(50,50)]
[CR,(67,67),(50,50)]
[CR,(67,71),(50,50)]
[CR,(67,75),(50,50)]
[CR,(67,79),(50,50)]
[CR,(71,3),(50,50)]
[CR,(71,7),(50,50)]
[CR,(71,11),(50,50)]
[CR,(71,15),(50,50)]
[CR,(71,19),(50,50)]
[CR,(71,23),(50,50)]
[CR,(71,27),(50,50)]
[CR,(71,31),(50,50)]
[CR,(71,35),(50,50)]
[CR,(71,39),(50,50)]
[CR,(71,43),(50,50)]
[CR,(71,47),(50,50)]
[CR,(71,51),(50,50)]
[CR,(71,55),(50,50)]
[CR,(71,59),(50,50)]
[CR,(71,63),(50,50)]
[CR,(71,67),(50,50)]
[CR,(71,71),(50,50)]
[CR,(71,75),(50,50)]
[CR,(71,79),(50,50)]
[CR,(75,3),(50,50)]
[CR,(75,7),(50,50)]
[CR,(75,11),(50,50)]
[CR,(75,15),(50,50)]
[CR,(75,19),(50,50)]
[CR,(75,23),(50,50)]
[CR,(75,27),(50,50)]
[CR,(75,31),(50,50)]
[CR,(75,35),(50,50)]
[CR,(75,39),(50,50)]
[CR,(75,43),(50,50)]
[CR,(75,47),(50,50)]
[CR,(75,51),(50,50)]
[CR,(75,55),(50,50)]
[CR,(75,59),(50,50)]
[CR,(75,63),(50,50)]
[CR,(75,67),(50,50)]
[CR,(75,71),(50,50)]
[CR,(75,75),(50,50)]
[CR,(75,79),(50,50)]
[CR,(79,3),(50,50)]
[CR,(79,7),(50,50)]
[CR,(79,11),(50,50)]
[CR,(79,15),(50,50)]
[CR,(79,19),(50,50)]
[CR,(79,23),(50,50)]
[CR,(79,27),(50,50)]
[CR,(79,31),(50,50)]
[CR,(79,35),(50,50)]
[CR,(79,39),(50,50)]
[CR,(79,43),(50,50)]
[CR,(79,47),(50,50)]
[CR,(79,51),(50,50)]
[CR,(79,55),(50,50)]
[CR,(79,59),(50,50)]
[CR,(79,63),(50,50)]
[CR,(79,67),(50,50)]
[CR,(79,71),(50,50)]
[CR,(79,75),(50,50)]
[CR,(79,79),(50,50)]
